image_00000 165 149 183 171
image_00001 162 143 184 170
image_00002 166 147 182 170
image_00003 165 146 183 170
image_00004 165 145 187 171
image_00005 165 144 187 171
image_00006 164 142 186 170
image_00007 164 144 187 170
image_00008 166 143 186 170
image_00009 162 142 187 170
image_00010 163 143 186 171
image_00011 163 142 187 171
image_00012 162 142 187 170
image_00013 162 142 186 171
image_00014 164 141 187 171
image_00015 164 140 187 173
image_00016 165 139 186 173
image_00017 166 140 186 173
image_00018 166 139 191 174
image_00019 164 139 193 175
image_00020 164 138 191 176
image_00021 164 137 188 173
image_00022 162 138 190 173
image_00023 163 138 192 176
image_00024 164 138 190 177
image_00025 166 140 194 175
image_00026 167 141 192 174
image_00027 161 138 195 173
image_00028 168 140 195 174
image_00029 170 141 195 178
image_00030 169 139 197 173
image_00031 168 137 195 176
image_00032 169 136 197 174
image_00033 172 139 193 175
image_00034 172 138 196 177
image_00035 174 136 198 175
image_00036 173 139 198 175
image_00037 175 137 200 176
image_00038 174 138 201 175
image_00039 172 138 203 176
image_00040 174 135 199 176
image_00041 175 137 200 175
image_00042 174 137 205 174
image_00043 174 138 207 173
image_00044 171 135 206 173
image_00045 178 134 203 175
image_00046 178 132 204 155
image_00047 180 131 203 156
image_00048 182 133 202 153
image_00049 183 132 200 151
image_00050 185 130 202 152
image_00051 188 133 202 150
image_00052 187 133 203 152
image_00053 188 134 204 152
image_00054 186 133 203 150
image_00055 187 133 202 149
image_00056 187 132 204 151
image_00057 189 133 203 149
image_00058 188 134 202 149
image_00059 190 131 205 151
image_00060 190 133 204 150
image_00061 186 131 204 150
image_00062 186 125 209 152
image_00063 188 133 201 148
